1
3
13
1.080338 0.051935 0.042470 0.002814 -0.002697 -0.005567 -0.035549 0.030268 -0.022726 0.069965 -0.035755 0.048371 -0.041958 
-0.221346 1.017823 -0.104165 0.025522 -0.025439 0.102374 0.005149 -0.005808 0.010467 -0.010312 -0.076839 0.053866 -0.078386 
0.056069 -0.034779 1.041411 -0.001507 -0.025635 0.009596 -0.019494 0.064922 -0.057989 -0.042481 0.037659 -0.062388 -0.070918 
-0.036969 0.034348 -0.043767 1.101363 0.058309 0.003818 0.024890 -0.001298 -0.014811 0.034510 -0.034075 0.062141 0.060199 
0.237361 0.026239 0.069412 0.042682 1.021397 0.054732 -0.031971 0.078908 -0.077696 -0.031465 0.057272 -0.019248 0.062320 
-0.202577 -0.001206 0.005251 -0.085732 0.103488 0.962801 0.051034 -0.013645 0.007465 0.029615 -0.025141 0.095689 0.077905 
-0.103947 -0.051648 0.056265 0.041232 -0.111698 0.018894 0.887616 0.108837 0.029360 0.017990 0.145451 0.030168 0.032384 
0.154489 0.017180 0.162346 -0.061823 -0.087080 -0.076750 0.149554 0.833660 0.079751 0.051751 -0.010908 0.073660 -0.094257 
-0.091520 0.022494 -0.104826 -0.069719 -0.057310 -0.056401 -0.102854 -0.006226 1.026496 0.042619 -0.026478 0.001689 0.056853 
0.129350 0.090321 -0.090688 0.001356 0.040140 0.037408 -0.049707 -0.016829 0.093337 0.983878 0.022283 0.022723 0.051015 
-0.086088 -0.051569 0.077419 -0.060166 -0.030062 -0.076405 0.122842 -0.070879 0.009728 0.091177 0.918718 -0.061359 -0.026876 
-0.028289 0.117828 -0.055839 0.051160 -0.021803 0.031270 0.031535 0.104046 -0.010679 0.052366 0.132626 1.065923 -0.234404 
-0.044198 -0.118250 -0.024668 0.001108 0.035431 -0.048582 0.015878 -0.015142 0.064340 -0.028542 -0.026214 -0.027535 0.900873 
1.365158 -0.453594 0.560430 1.082509 -0.136216 -0.701073 -0.032158 -0.022731 0.187155 -0.026951 0.205778 -1.153825 0.223805 
1.0 1.0 1.0 1.0 1.0 1.0 1.0 1.0 1.0 1.0 1.0 1.0 1.0 
13
1.090302 0.053018 0.030610 -0.003047 0.010726 -0.013089 0.007230 0.006892 0.006402 0.008779 0.000428 0.019173 -0.018627 
-0.076371 1.002609 0.028896 -0.002140 0.002041 0.023898 -0.007030 0.004272 0.042517 -0.020562 -0.001696 0.025884 -0.018186 
0.101249 0.008030 1.033510 -0.028878 0.019299 0.002912 0.011024 0.048393 -0.016938 0.008305 0.042978 -0.015386 -0.032516 
-0.049935 -0.032319 -0.032005 1.017666 0.065620 -0.056172 0.066125 -0.045014 0.036313 -0.053605 0.033041 -0.038320 0.026327 
0.207785 0.087159 0.047610 0.045188 1.000377 0.039336 -0.002351 0.072798 -0.099301 0.010434 0.075070 -0.068851 0.027919 
-0.132144 -0.074831 0.030848 -0.114850 0.123844 0.955086 0.050172 0.011868 0.018322 -0.006516 0.025756 -0.006885 0.061810 
-0.090384 -0.096940 0.011121 0.083876 -0.105527 0.068750 0.925972 0.059922 -0.005030 -0.000309 0.061079 0.055422 0.003829 
0.098180 -0.007374 0.139969 -0.026120 -0.095566 -0.046318 0.173677 0.804650 0.132219 0.018376 -0.019866 0.045618 -0.006921 
-0.061548 -0.015975 -0.113782 -0.017194 -0.095026 0.004556 -0.071376 -0.047107 1.117599 0.008877 -0.011275 0.026021 0.048506 
0.140701 0.136047 -0.133764 -0.000318 0.013870 -0.010112 -0.040973 -0.035876 0.119939 0.982254 -0.031820 0.050363 -0.026025 
-0.075172 -0.046002 0.014891 -0.024528 0.017226 -0.055257 0.134550 -0.015343 -0.023764 0.116125 0.922070 0.058506 -0.023593 
0.036335 0.083808 -0.058026 0.005036 0.042821 -0.049760 0.104622 0.089274 -0.025990 -0.022793 0.162350 1.017231 -0.142043 
-0.053481 -0.130111 -0.029089 0.000582 -0.020804 -0.025285 0.012404 -0.058749 0.124302 -0.031580 -0.057460 -0.000907 0.953257 
-0.094316 0.211456 0.103136 0.287426 0.054490 0.045375 -0.240262 -0.117752 -0.108056 0.061933 -0.075344 -0.082258 0.011361 
1.0 1.0 1.0 1.0 1.0 1.0 1.0 1.0 1.0 1.0 1.0 1.0 1.0 
13
1.109479 0.039668 0.030487 -0.008154 0.018287 -0.018281 0.018289 0.002202 -0.008314 0.009840 0.001500 0.003695 0.005663 
-0.062276 1.013741 -0.000033 0.009033 -0.011150 0.041436 -0.013018 0.007390 0.034148 -0.007784 -0.008104 0.027067 -0.030612 
0.130104 0.036640 1.036796 -0.049164 0.035550 -0.009479 -0.006819 0.047550 -0.015686 0.005307 0.020409 0.001173 -0.024171 
-0.078091 -0.025547 -0.087412 1.062381 0.028337 -0.023478 0.018143 -0.023760 0.015838 -0.021293 0.007690 -0.011685 0.007496 
0.256932 0.114207 0.065472 0.013032 1.036270 -0.004048 0.015387 0.045834 -0.077522 0.031618 0.043999 -0.040760 0.022923 
-0.249290 -0.057451 -0.030626 -0.057053 0.043023 0.987294 0.021037 -0.011380 0.028705 -0.017830 -0.008131 0.056342 -0.033857 
-0.080749 -0.098186 -0.058525 0.070907 -0.079496 0.055967 0.979374 -0.002515 0.006337 -0.020571 0.057706 0.030512 0.040666 
0.036863 0.006944 0.011909 -0.016672 -0.043243 -0.034594 0.081345 0.928384 0.034706 0.035263 -0.016149 0.044059 0.009112 
-0.086267 -0.004060 -0.069210 0.036908 -0.116942 0.011777 -0.030463 -0.045610 1.097334 0.013938 -0.017534 0.031493 0.025583 
0.191271 0.136121 -0.136703 -0.005726 0.009689 -0.001743 -0.039096 0.037982 0.011759 1.028341 -0.027543 0.033707 -0.027754 
-0.113801 -0.043143 0.018064 -0.008230 0.010585 -0.009505 0.095268 -0.028738 0.016175 0.049634 1.004946 0.012875 -0.010713 
-0.025627 0.088941 -0.083390 0.009964 0.001405 0.037288 0.042821 0.080151 -0.054776 0.029202 0.003551 1.117535 -0.157559 
-0.040858 -0.144392 -0.047334 0.007058 0.007284 -0.056295 0.043480 -0.040992 0.095955 -0.041660 0.016938 -0.063630 0.997563 
0.041859 -0.029609 0.121868 -0.126408 0.033194 -0.114425 -0.182751 0.010897 -0.165571 0.080449 -0.055738 -0.092195 -0.112248 
1.0 1.0 1.0 1.0 1.0 1.0 1.0 1.0 1.0 1.0 1.0 1.0 1.0 
