1
3
13
1.004799 0.036604 -0.084450 0.059292 -0.054511 0.053192 -0.049342 0.053553 -0.058170 0.015297 -0.004977 -0.003685 -0.024366 
0.140476 1.041216 0.028033 -0.091792 -0.018705 -0.031153 0.014327 -0.019170 0.007647 -0.051733 0.007232 -0.069836 -0.003322 
-0.283394 0.039615 1.136418 0.048004 -0.079428 0.054320 -0.063004 -0.028524 -0.003452 -0.012197 -0.048037 0.062031 -0.016425 
0.139848 -0.185420 -0.120162 1.027893 0.002827 -0.055602 0.005071 0.075289 -0.092670 0.166828 0.004455 -0.044105 -0.013651 
-0.412628 0.070180 0.014755 -0.185092 1.033569 0.074483 -0.049205 -0.035797 0.127713 -0.064035 0.004611 -0.061883 0.056386 
0.230584 -0.041383 -0.006216 -0.012886 -0.121159 0.905569 0.098781 -0.054881 -0.075872 0.040420 -0.031694 -0.024013 0.074166 
-0.312057 -0.034713 -0.073347 -0.051716 -0.013902 -0.063612 0.927963 -0.000121 0.006910 -0.025951 0.043388 -0.024329 -0.043373 
0.390969 -0.105064 0.009707 0.016981 -0.078458 -0.042039 -0.087862 0.877602 0.018924 0.006231 -0.036900 -0.009439 0.104053 
-0.341050 0.022804 -0.046434 -0.027671 0.030844 -0.101358 -0.082150 -0.118445 0.985220 0.044143 -0.119469 0.087675 -0.137290 
0.068005 -0.068988 0.049368 0.023566 -0.028847 0.029517 -0.094753 0.068471 -0.105934 0.869247 0.005678 0.054200 -0.052316 
-0.188924 -0.008893 -0.097564 -0.047417 0.022923 -0.038233 0.118686 -0.005922 -0.004922 -0.005207 0.909741 0.002069 -0.098285 
0.011559 -0.143022 0.071764 -0.019679 -0.026187 -0.015216 -0.141948 0.005709 0.014562 -0.035025 -0.084003 1.005568 -0.024971 
-0.024874 0.019539 -0.012283 0.012805 0.025210 0.027590 -0.005730 0.020317 -0.017474 0.032713 -0.011349 -0.101012 0.933013 
3.037714 1.688374 -0.760566 0.168363 -0.873747 0.465719 -0.547252 -0.894792 -0.397498 -1.386254 -0.721673 -0.629169 -0.035270 
1.0 1.0 1.0 1.0 1.0 1.0 1.0 1.0 1.0 1.0 1.0 1.0 1.0 
13
0.991179 0.018816 -0.005267 0.031174 -0.018393 0.040432 -0.038851 0.040494 -0.028102 0.017856 -0.003071 0.004076 -0.002385 
0.062680 1.097022 0.021738 -0.035760 0.042408 -0.027175 0.040342 -0.033051 0.019422 -0.028574 0.051946 -0.020554 0.011191 
-0.114545 -0.010995 1.152436 0.067120 -0.072635 0.053009 -0.015541 -0.004454 -0.027698 0.030822 -0.097359 0.086078 -0.029625 
0.160973 -0.050300 -0.131159 1.064863 0.002786 0.016527 0.002869 0.064013 -0.082098 0.122178 -0.085160 -0.006621 0.002286 
-0.268200 0.056714 0.071104 -0.205955 1.078445 0.025414 0.016844 -0.029087 0.045588 -0.012713 0.021923 -0.002050 -0.000450 
0.228848 -0.052122 -0.041012 0.071641 -0.101283 1.036265 0.044492 -0.011089 -0.024486 0.055399 -0.068882 0.048845 0.012866 
-0.175616 -0.020040 -0.100821 -0.016198 0.038430 0.004334 1.000699 -0.006181 0.033260 -0.047211 0.062950 0.001042 -0.023887 
0.354919 -0.063112 -0.071978 0.079402 -0.079967 -0.020067 -0.056480 1.035168 0.057529 0.018936 -0.017603 -0.031823 0.091121 
-0.267611 0.106998 -0.040006 -0.051864 -0.026466 -0.009110 -0.014041 -0.112755 1.089042 0.065044 -0.169007 0.142836 -0.093789 
0.124472 -0.048179 -0.016581 0.050810 0.008210 -0.015046 -0.064237 0.089345 -0.099844 0.988492 0.083952 -0.025148 0.016898 
-0.183962 -0.033642 -0.007263 -0.084433 0.082891 -0.041632 0.107681 -0.084823 0.039610 -0.061245 1.053714 0.044890 -0.082858 
0.040580 -0.105905 0.045691 0.029197 -0.089172 0.053337 -0.100069 -0.026514 0.059193 -0.002525 -0.138376 1.075601 0.014998 
-0.040741 0.039757 0.001311 0.026023 0.081287 -0.003743 0.053794 -0.017538 -0.010131 0.006190 0.060401 -0.122842 1.068411 
-0.063457 0.151837 0.235186 -0.028542 0.144227 -0.166235 0.065391 -0.231797 -0.064718 -0.128544 -0.013267 0.147845 -0.127980 
1.0 1.0 1.0 1.0 1.0 1.0 1.0 1.0 1.0 1.0 1.0 1.0 1.0 
13
0.981067 0.007429 -0.003406 0.024540 -0.009442 0.018778 -0.020326 0.022087 -0.016854 0.011187 -0.008752 0.015257 -0.006263 
0.030746 1.102237 0.015844 -0.009675 0.032244 -0.020533 0.029011 -0.026411 0.019383 -0.013906 0.021467 -0.006462 0.010932 
-0.008807 0.003892 1.134798 0.035968 -0.027492 0.027748 -0.010877 0.009173 -0.017960 0.026222 -0.041669 0.032013 0.000231 
0.084458 -0.008643 -0.098593 1.095793 0.008898 -0.004941 0.009304 0.035953 -0.038923 0.060463 -0.040947 0.007603 -0.005951 
-0.213255 0.003904 0.069802 -0.141710 1.089248 0.017855 0.004612 -0.014839 0.022133 -0.004352 0.026814 -0.039001 0.051061 
0.233320 -0.028646 -0.066830 0.059359 -0.056311 1.066397 0.028012 -0.011293 -0.009466 0.018521 -0.012690 0.009900 0.032449 
-0.087552 -0.001277 -0.021122 -0.018709 0.019665 0.014815 1.043193 -0.019638 0.011815 -0.002297 0.013135 0.019626 0.000586 
0.357228 0.003601 -0.104006 0.088260 -0.067001 0.040805 -0.084387 1.075730 0.021591 0.010955 -0.039241 0.014170 0.023527 
-0.207392 0.129638 -0.032891 -0.063864 -0.018593 0.004256 -0.016301 -0.072394 1.095323 0.010631 -0.068294 0.060056 -0.041544 
0.148597 -0.019523 -0.057330 0.086643 -0.017986 0.015772 -0.023448 0.043028 -0.078907 1.023569 0.053511 0.002379 0.024637 
-0.189630 -0.049747 0.061816 -0.069703 0.057281 -0.016753 0.060100 -0.033625 0.013684 -0.052559 1.083769 -0.002541 -0.035811 
0.143863 -0.021658 0.037778 0.009265 -0.073321 0.068226 -0.082454 0.006266 0.044089 0.010564 -0.102264 1.074758 -0.011634 
-0.072080 0.053423 0.023447 0.030802 0.089105 -0.018921 0.025040 0.009079 -0.035169 0.012193 0.058139 -0.083804 1.093459 
0.041839 -0.119932 0.083888 0.013083 -0.133435 0.047006 -0.127589 0.151890 0.035836 0.152524 -0.006723 0.172862 -0.094448 
1.0 1.0 1.0 1.0 1.0 1.0 1.0 1.0 1.0 1.0 1.0 1.0 1.0 
