1
3
13
0.669469 -0.020809 -0.029314 0.026504 -0.038237 0.052392 -0.027772 0.037252 -0.010406 0.031320 -0.043630 0.038009 0.008537 
-0.043953 0.771674 -0.047773 -0.092336 0.055814 -0.070967 0.075574 -0.035365 0.074595 -0.070713 0.078203 -0.047268 0.050539 
-0.140980 -0.160594 0.892978 0.000773 -0.038057 0.036742 -0.023981 -0.024827 -0.009448 0.024124 -0.037189 0.052644 -0.024427 
-0.118485 -0.061556 -0.068268 0.930665 0.018609 0.010728 -0.015534 0.016751 -0.065779 0.032752 0.010431 -0.036594 0.020483 
-0.109471 -0.095493 0.079065 -0.077770 0.882041 0.035935 -0.046068 -0.047690 0.052826 -0.070531 0.015453 -0.006144 0.019045 
-0.025436 0.002798 -0.043851 0.098947 -0.064965 0.884712 0.102195 0.029204 -0.081770 0.056252 -0.060702 -0.035489 0.069008 
0.000360 -0.046043 -0.004350 -0.035780 0.036508 0.019422 0.859752 0.007890 -0.002075 -0.042104 0.037619 0.002247 0.030993 
0.270780 0.158225 -0.013235 0.044966 -0.067931 0.008192 -0.056288 0.847550 0.008225 0.064084 -0.043681 0.011116 0.019685 
0.116850 0.099908 0.058631 -0.030808 0.010605 -0.006686 -0.004587 -0.031159 0.914309 0.058111 -0.007828 0.014615 0.046357 
0.117971 0.114545 0.074623 0.111279 -0.012516 -0.049352 -0.044781 0.062149 -0.000669 0.820900 0.119902 0.010509 0.010936 
-0.054923 0.005486 0.087244 0.029384 -0.003228 -0.029562 -0.004329 -0.038291 0.015988 -0.020373 0.865085 0.109559 -0.019622 
0.007517 0.060187 0.004752 -0.014361 -0.023716 0.042944 -0.020127 -0.010268 0.001320 0.050144 -0.025520 0.894322 0.029502 
0.074433 -0.029768 -0.033626 -0.009142 0.015036 0.012262 0.011303 0.023038 0.052884 -0.005846 -0.036372 0.046841 0.803857 
0.902229 0.341709 -0.397790 -0.237503 -0.440091 0.237184 0.034835 -0.149313 0.621669 -0.598976 0.089139 -0.183473 0.111091 
1.0 1.0 1.0 1.0 1.0 1.0 1.0 1.0 1.0 1.0 1.0 1.0 1.0 
13
0.764534 -0.014310 -0.004067 0.011508 -0.023944 0.011801 -0.021660 0.023464 0.000970 0.016282 -0.006193 0.022559 -0.012269 
-0.070982 0.877922 -0.046173 -0.044737 0.042306 -0.064171 0.044279 -0.056420 0.052271 -0.055402 0.074549 -0.035453 0.027184 
0.002536 -0.104229 1.011231 -0.009734 -0.023664 0.011567 -0.012890 -0.008909 -0.008835 0.017272 -0.015747 0.011511 -0.020760 
-0.083456 -0.037141 -0.063612 1.034509 0.004060 0.058991 -0.039432 0.051088 -0.057517 0.063950 -0.051011 0.016396 -0.028564 
-0.102370 -0.077687 0.043413 -0.075350 1.006140 0.036853 0.007554 -0.041789 0.048748 -0.073046 0.028364 -0.038999 0.032757 
-0.025906 -0.006028 -0.035465 0.125465 -0.055894 1.009170 0.069502 0.025990 -0.056803 0.060142 -0.046402 -0.000032 0.014809 
0.008673 0.018598 -0.002625 -0.037468 0.057108 0.025598 0.957110 0.050995 -0.007923 -0.040522 0.032898 0.011621 0.000180 
0.424491 0.182014 -0.019511 0.088715 -0.053704 0.022538 -0.030469 0.961148 0.063862 0.039981 0.016485 0.003277 0.036922 
0.146395 0.146123 0.059240 -0.075953 0.073165 -0.036062 0.010104 -0.023833 0.984619 0.068540 0.024846 -0.049205 0.070929 
0.257880 0.138816 0.048835 0.123489 -0.027458 -0.008331 -0.067111 0.091422 -0.004798 0.921189 0.149140 -0.035446 0.024398 
0.026071 0.046666 0.105326 -0.019402 0.024937 -0.064594 0.051073 -0.034710 0.036345 -0.019499 0.987806 0.087235 -0.007017 
0.025033 0.070303 -0.002682 -0.017292 -0.049132 0.043432 -0.012948 0.029020 -0.020076 0.040562 0.005736 0.957172 0.116653 
0.103167 -0.043166 -0.018417 0.002564 0.040589 0.009196 0.020832 -0.009699 0.070807 -0.019288 0.003897 0.017924 0.966760 
-0.238753 0.185495 0.076084 0.208683 0.134661 0.012835 -0.081501 -0.195229 0.032993 -0.017087 0.149881 0.085183 0.017914 
1.0 1.0 1.0 1.0 1.0 1.0 1.0 1.0 1.0 1.0 1.0 1.0 1.0 
13
0.762274 -0.012027 0.000275 0.023194 -0.025929 0.017031 -0.020348 0.020926 -0.008605 0.018207 -0.014256 0.021937 -0.014551 
-0.116299 0.929384 -0.038329 -0.000576 0.010990 -0.025828 0.011659 -0.020244 0.026718 -0.013776 0.022732 -0.005257 0.003058 
0.037017 -0.098231 1.040769 -0.011313 -0.020149 0.004122 -0.005706 -0.013644 0.000987 -0.002236 -0.002987 0.004665 -0.024207 
-0.065875 -0.015586 -0.065878 1.081096 0.008624 0.035004 -0.017437 0.035595 -0.045052 0.045916 -0.024844 -0.003023 -0.012560 
-0.088345 -0.086858 0.017573 -0.048382 1.043767 0.021650 0.007619 -0.019971 0.028365 -0.055315 0.015895 -0.029036 0.028102 
-0.021512 -0.003656 -0.043463 0.095261 -0.022958 1.030851 0.047569 0.014892 -0.022647 0.019346 -0.030837 0.007409 0.009846 
-0.002362 0.021733 0.011753 -0.030438 0.044061 0.028218 1.008623 0.028183 0.000840 -0.021616 0.023737 0.002142 -0.004944 
0.380265 0.155885 -0.044559 0.073228 -0.034689 0.031537 -0.015347 1.008206 0.034175 0.023343 0.007646 0.026403 -0.000840 
0.106071 0.132706 0.050873 -0.073636 0.050207 -0.023481 0.011770 -0.015537 1.031298 0.045095 0.007672 -0.013909 0.044452 
0.187106 0.132151 -0.004737 0.122552 -0.058609 0.010404 -0.035512 0.060907 -0.006430 1.011629 0.044143 0.005898 0.009243 
0.005533 0.031489 0.085074 -0.040417 0.011557 -0.053017 0.045073 -0.009562 0.026762 -0.010792 1.046725 0.037219 0.007313 
0.017642 0.059144 -0.028528 -0.003595 -0.042529 0.041609 -0.014213 0.034979 -0.010096 0.029194 0.001871 1.017447 0.062109 
0.094862 -0.036076 0.003533 -0.006621 0.033635 0.010703 0.016290 -0.012874 0.058687 -0.003569 -0.002254 0.012466 1.034769 
-0.003828 -0.233878 0.118634 -0.116585 -0.040697 -0.137382 -0.036661 -0.000068 -0.051994 0.051346 -0.046345 0.046175 0.002575 
1.0 1.0 1.0 1.0 1.0 1.0 1.0 1.0 1.0 1.0 1.0 1.0 1.0 
